82
1 221
12 214
33 199
55 177
68 157
73 128
82 105
100 84
120 72
140 67
167 60
192 63
210 70
242 91
250 112
256 135
253 165
243 192
229 210
209 228
185 244
167 259
144 273
123 289
105 301
87 316
64 335
53 363
42 397
39 426
36 458
39 494
53 521
69 540
95 557
126 566
158 565
186 562
213 542
227 517
226 483
210 460
191 441
183 424
185 400
191 373
214 354
245 336
280 339
308 353
326 386
337 419
348 454
357 486
374 518
405 535
455 540
493 540
518 522
532 495
534 462
511 427
484 397
466 375
439 359
401 333
379 311
373 265
368 222
364 169
368 126
393 91
438 73
469 79
492 97
509 130
517 166
525 207
534 242
548 267
569 293
599 316